1459258203,105.0500,105.0750,105.0200,105.0316,523900
1459258317,105.1950,105.2900,105.0100,105.0100,139400
1459258377,105.2870,105.3200,105.2000,105.2111,82200
1459258381,105.3450,105.3700,105.2700,105.2900,66800
1459258440,105.3802,105.4100,105.2900,105.3400,127100
1459258500,105.5300,105.5400,105.3899,105.3899,199100
1459258560,105.4600,105.5300,105.4300,105.5300,105800
1459258679,105.4400,105.4600,105.3400,105.4300,129800
1459258681,105.3900,105.4800,105.3800,105.4400,65400
1459258799,105.3421,105.4400,105.2700,105.3800,132600
1459258859,105.3120,105.3500,105.2700,105.3499,70600
1459258860,105.2399,105.3300,105.2200,105.3200,95300
1459258921,105.2800,105.2800,105.2100,105.2240,93900
1459259039,105.2700,105.3300,105.2000,105.2800,75700
1459259040,105.4300,105.4400,105.2500,105.2600,87400
1459259159,105.3600,105.4200,105.3400,105.4200,54800
1459259219,105.3800,105.3900,105.3400,105.3600,44700
1459259279,105.4700,105.4700,105.3750,105.3750,51000
1459259339,105.5200,105.5200,105.4301,105.4650,71100
1459259340,105.5962,105.6300,105.5190,105.5300,147900
1459259459,105.4900,105.6100,105.4850,105.6000,78200
1459259519,105.6100,105.6700,105.4961,105.5000,142000
1459259579,105.6700,105.7100,105.6200,105.6200,109900
1459259580,105.7400,105.7423,105.6600,105.6700,78500
1459259640,105.7600,105.8000,105.7200,105.7500,127000
1459259700,105.7667,105.7900,105.6500,105.7550,254600
1459259819,105.7600,105.7700,105.7100,105.7600,88600
1459259820,105.9132,105.9400,105.7600,105.7600,185200
1459259880,105.9439,105.9700,105.9000,105.9130,90600
1459259999,105.9380,105.9800,105.9200,105.9400,101700
1459260059,105.9900,106.0000,105.9300,105.9380,146300
1459260060,106.1190,106.1900,105.9800,105.9900,252300
1459260179,106.1200,106.1900,106.1000,106.1100,99400
1459260180,106.0200,106.1200,105.9400,106.1100,145400
1459260240,105.9832,106.0438,105.9500,106.0200,60300
1459260300,106.0000,106.0100,105.9550,105.9801,78800
1459260419,106.0561,106.0700,105.9900,105.9900,60800
1459260479,106.0450,106.1000,106.0300,106.0600,47700
1459260480,106.0450,106.1000,106.0300,106.0400,45000
1459260540,106.0800,106.0800,106.0100,106.0300,56700
1459260600,106.0778,106.0900,106.0500,106.0800,38700
1459260660,106.0200,106.0900,106.0101,106.0800,85400
1459260720,105.9000,106.0300,105.9000,106.0200,99700
1459260839,105.9200,105.9350,105.8900,105.9000,50700
1459260840,105.9400,105.9900,105.9200,105.9200,54600
1459260959,105.9300,105.9950,105.9100,105.9360,74100
1459260961,105.9122,105.9600,105.9100,105.9200,36000
1459261022,105.9100,105.9400,105.9000,105.9116,52700
1459261081,105.9000,105.9400,105.8610,105.9150,71400
1459261199,105.8409,105.9199,105.7900,105.9100,106200
1459261200,105.9000,105.9400,105.8200,105.8400,92400
1459261319,105.9850,105.9900,105.9000,105.9000,85500
1459261320,106.0900,106.1000,105.9610,105.9800,84400
1459261380,106.0500,106.1000,106.0400,106.0800,53800
1459261442,106.0700,106.0960,106.0300,106.0502,89500
1459261500,106.1301,106.1400,106.0700,106.0700,118700
1459261560,106.1700,106.1800,106.1200,106.1400,85700
1459261679,106.1601,106.2500,106.1500,106.1799,134100
1459261680,106.1800,106.1900,106.1300,106.1700,66000
1459261799,106.0950,106.1900,106.0700,106.1700,118700
1459261800,106.2400,106.2500,106.0800,106.0990,159900
1459261861,106.2200,106.2900,106.2200,106.2400,72800
1459261920,106.2501,106.2600,106.1900,106.2300,61600
1459261980,106.2650,106.3100,106.2400,106.2500,77700
1459262099,106.2300,106.2900,106.2010,106.2600,68000
1459262100,106.2300,106.2600,106.1200,106.2300,108100
1459262219,106.2600,106.2700,106.2000,106.2300,63200
1459262220,106.2900,106.3000,106.2550,106.2700,47600
1459262280,106.2950,106.3080,106.2600,106.3000,77400
1459262341,106.3100,106.3100,106.2900,106.2990,35300
1459262400,106.3700,106.3700,106.3001,106.3100,131200
1459262460,106.3700,106.4500,106.3400,106.3750,134900
1459262520,106.3800,106.4000,106.3400,106.3700,79100
1459262639,106.3925,106.4000,106.3201,106.3800,86500
1459262699,106.4500,106.4550,106.3900,106.3950,122900
1459262700,106.4200,106.4600,106.3800,106.4525,102000
1459262760,106.4900,106.5600,106.4200,106.4200,179100
1459262820,106.5400,106.5400,106.4400,106.4800,76000
1459262939,106.6500,106.6752,106.5350,106.5400,198300
1459262998,106.6920,106.7000,106.6500,106.6600,141600
1459263000,106.7200,106.7700,106.6700,106.6900,141500
1459263062,106.6500,106.7266,106.6200,106.7200,118800
1459263179,106.6000,106.6500,106.5334,106.6400,129700
1459263180,106.6009,106.6300,106.5500,106.5973,90600
1459263240,106.7270,106.7400,106.6100,106.6100,93900
1459263359,106.7250,106.7900,106.7100,106.7215,108900
1459263360,106.7400,106.7700,106.7210,106.7250,123900
1459263420,106.8200,106.8200,106.7300,106.7400,116300
1459263539,106.7700,106.8400,106.7600,106.8200,94600
1459263598,106.7700,106.8000,106.7500,106.7800,48100
1459263659,106.8600,106.8700,106.7700,106.7700,77700
1459263660,106.9350,106.9600,106.8600,106.8634,200400
1459263779,106.8100,106.9400,106.7700,106.9350,105500
1459263780,106.7300,106.8150,106.7000,106.8100,84300
1459263842,106.7600,106.8100,106.7300,106.7310,81000
1459263959,106.7700,106.7799,106.7450,106.7720,45100
1459264019,106.7700,106.8100,106.7500,106.7690,30100
1459264021,106.7300,106.7750,106.7100,106.7750,65800
1459264080,106.6800,106.7300,106.6500,106.7200,55600
1459264141,106.6700,106.6900,106.6300,106.6750,86100
1459264200,106.7000,106.7301,106.6750,106.6750,83700
1459264261,106.7753,106.7900,106.6901,106.7000,50400
1459264322,106.6839,106.7900,106.6800,106.7900,73900
1459264437,106.6800,106.7243,106.6700,106.6800,49400
1459264441,106.6400,106.6950,106.6400,106.6900,60200
1459264559,106.6250,106.6500,106.5900,106.6500,72300
1459264561,106.6000,106.6350,106.5800,106.6200,45700
1459264620,106.6050,106.6400,106.5810,106.6000,47900
1459264681,106.6200,106.6400,106.5900,106.6000,41400
1459264741,106.6000,106.6400,106.6000,106.6289,38500
1459264801,106.5800,106.6100,106.5600,106.6000,54300
1459264917,106.6100,106.6300,106.5700,106.5900,41700
1459264921,106.5100,106.6200,106.5000,106.6000,86600
1459264980,106.5779,106.5890,106.5000,106.5100,52600
1459265099,106.5800,106.5900,106.5400,106.5900,35700
1459265100,106.5500,106.5700,106.5303,106.5600,37700
1459265161,106.5800,106.6152,106.5500,106.5500,52400
1459265279,106.5700,106.5900,106.5500,106.5750,32100
1459265339,106.6100,106.6200,106.5600,106.5700,30100
1459265399,106.6003,106.6400,106.6000,106.6150,49500
1459265400,106.5700,106.6200,106.5500,106.6003,41900
1459265519,106.4839,106.6000,106.4700,106.5800,82300
1459265520,106.4699,106.5200,106.4600,106.4900,69800
1459265639,106.4000,106.4700,106.3700,106.4600,108700
1459265699,106.4150,106.4400,106.3700,106.4000,171700
1459265700,106.5200,106.5200,106.4185,106.4185,88500
1459265760,106.5100,106.5800,106.5000,106.5300,47300
1459265824,106.5000,106.5800,106.4900,106.5001,63200
1459265883,106.5879,106.5900,106.4900,106.5000,77900
1459265940,106.5600,106.6300,106.5500,106.5869,66700
1459266002,106.5269,106.5800,106.5150,106.5599,30300
1459266061,106.5500,106.5500,106.5000,106.5350,42900
1459266179,106.5600,106.6139,106.5400,106.5600,61100
1459266239,106.5843,106.6000,106.5434,106.5500,23100
1459266240,106.5900,106.6000,106.5400,106.5900,40000
1459266300,106.6100,106.6200,106.5600,106.5900,30300
1459266361,106.6762,106.6800,106.6000,106.6100,82600
1459266479,106.6600,106.7000,106.6300,106.6799,59800
1459266480,106.6500,106.7000,106.6500,106.6600,40500
1459266545,106.7339,106.7600,106.6590,106.6599,55600
1459266601,106.7307,106.7600,106.7300,106.7390,59300
1459266660,106.7890,106.7900,106.7400,106.7400,36400
1459266779,106.7607,106.8200,106.7300,106.7800,55100
1459266781,106.7000,106.7700,106.6900,106.7600,37800
1459266841,106.7111,106.7300,106.6937,106.7000,9800
1459266901,106.7400,106.7546,106.7200,106.7200,14600
1459266960,106.7300,106.7700,106.7200,106.7321,46800
1459267020,106.7100,106.7300,106.6900,106.7220,41400
1459267080,106.7315,106.7500,106.7100,106.7100,24800
1459267199,106.7270,106.7507,106.6950,106.7330,35800
1459267200,106.7050,106.7200,106.6910,106.7150,63100
1459267260,106.7201,106.7270,106.7000,106.7000,15300
1459267379,106.7000,106.7400,106.7000,106.7239,33900
1459267439,106.7450,106.7600,106.7000,106.7020,27100
1459267441,106.7120,106.7600,106.6900,106.7500,22000
1459267505,106.7500,106.7500,106.6900,106.7200,24300
1459267619,106.8040,106.8169,106.7400,106.7500,75000
1459267620,106.7900,106.8500,106.7650,106.8100,47300
1459267680,106.7665,106.7900,106.7420,106.7800,24000
1459267799,106.8400,106.8500,106.7650,106.7700,53200
1459267800,106.8150,106.8500,106.8100,106.8467,38600
1459267919,106.8269,106.8600,106.8000,106.8100,37200
1459267924,106.8400,106.8500,106.8000,106.8240,28600
1459268039,106.8300,106.8700,106.8300,106.8400,39100
1459268099,106.8300,106.8500,106.8000,106.8300,60200
1459268100,106.7900,106.8600,106.7800,106.8250,45600
1459268160,106.8150,106.8300,106.7681,106.7800,43700
1459268222,106.8400,106.8500,106.8200,106.8200,12200
1459268283,106.8744,106.8900,106.8434,106.8434,59400
1459268340,106.9400,106.9400,106.8675,106.8738,80800
1459268400,107.1300,107.1500,106.9400,106.9400,589000
1459268519,107.0931,107.1400,107.0400,107.1300,87400
1459268520,107.0900,107.1200,107.0400,107.0900,94600
1459268580,107.0200,107.1000,107.0100,107.0969,102100
1459268640,107.0100,107.0900,106.9688,107.0100,87400
1459268759,107.0050,107.0499,106.9900,107.0200,48700
1459268760,107.0800,107.0800,107.0000,107.0000,75500
1459268820,107.0800,107.1000,107.0500,107.0800,57400
1459268939,107.1754,107.1754,107.0710,107.0710,93900
1459268999,107.2099,107.2500,107.1600,107.1710,136100
1459269000,107.3000,107.3000,107.2064,107.2064,171100
1459269060,107.2800,107.3200,107.2300,107.3000,180900
1459269179,107.3170,107.3300,107.2750,107.2800,84600
1459269180,107.2200,107.3128,107.1800,107.3100,83500
1459269299,107.2200,107.2600,107.1800,107.2200,66700
1459269359,107.2100,107.2700,107.2000,107.2296,50800
1459269419,107.2169,107.2300,107.1800,107.2050,51100
1459269420,107.1199,107.2300,107.1100,107.2100,51000
1459269481,107.1900,107.1900,107.1100,107.1162,60800
1459269540,107.1400,107.2200,107.1376,107.1900,39900
1459269659,107.2100,107.2100,107.1500,107.1500,44300
1459269661,107.1700,107.2100,107.1450,107.2100,31500
1459269723,107.1868,107.1900,107.1200,107.1600,42400
1459269838,107.2500,107.2700,107.1600,107.1875,120000
1459269899,107.3262,107.3300,107.2300,107.2389,110000
1459269900,107.2800,107.3600,107.2800,107.3269,66900
1459269960,107.2800,107.2900,107.2100,107.2800,74200
1459270022,107.2600,107.3000,107.2400,107.2862,53300
1459270139,107.2500,107.2799,107.2400,107.2700,38800
1459270140,107.2300,107.2499,107.2000,107.2499,67100
1459270259,107.2600,107.2850,107.2300,107.2300,49800
1459270260,107.2650,107.2700,107.2100,107.2600,41300
1459270320,107.2600,107.2869,107.2500,107.2700,29100
1459270439,107.2700,107.2900,107.2500,107.2600,28600
1459270440,107.3350,107.3400,107.2600,107.2700,76600
1459270558,107.2950,107.3350,107.2900,107.3350,55100
1459270619,107.3001,107.3200,107.2685,107.2950,131500
1459270620,107.2900,107.3300,107.2885,107.3102,37700
1459270681,107.2100,107.2800,107.2050,107.2800,72100
1459270740,107.2300,107.2700,107.2000,107.2100,71200
1459270800,107.2200,107.2500,107.2000,107.2300,52900
1459270919,107.1500,107.2300,107.1400,107.2140,73000
1459270920,107.1400,107.2200,107.1200,107.1500,49700
1459271039,107.0800,107.1495,107.0600,107.1300,51400
1459271040,107.0400,107.0800,107.0400,107.0700,55200
1459271159,107.0150,107.0500,107.0100,107.0400,52100
1459271160,107.0900,107.0900,107.0000,107.0200,85100
1459271279,107.1200,107.1235,107.0704,107.0800,49000
1459271280,107.1000,107.1400,107.0900,107.1102,25300
1459271342,107.1600,107.1800,107.0900,107.1000,40700
1459271400,107.1700,107.1850,107.1300,107.1550,49600
1459271460,107.1799,107.2200,107.1700,107.1738,32200
1459271520,107.1701,107.2000,107.1400,107.1700,30900
1459271580,107.1400,107.1885,107.1300,107.1700,31600
1459271642,107.1500,107.1500,107.1300,107.1350,40300
1459271759,107.2300,107.2300,107.1400,107.1500,31100
1459271761,107.2930,107.3000,107.2250,107.2300,64500
1459271879,107.2750,107.3000,107.2400,107.2900,30100
1459271939,107.2700,107.2800,107.2490,107.2800,22400
1459271999,107.2200,107.2700,107.2099,107.2600,25200
1459272000,107.2338,107.2400,107.1500,107.2200,22300
1459272063,107.2500,107.3040,107.2400,107.2400,51000
1459272121,107.1772,107.2600,107.1500,107.2500,29900
1459272180,107.1595,107.2000,107.1400,107.1800,54900
1459272241,107.1800,107.2000,107.1600,107.1600,16800
1459272300,107.2310,107.2450,107.1900,107.1900,47700
1459272361,107.2400,107.2500,107.2200,107.2390,20700
1459272479,107.2069,107.2400,107.2000,107.2400,27100
1459272480,107.2400,107.2501,107.1950,107.2000,57900
1459272598,107.2400,107.2500,107.2000,107.2320,23500
1459272659,107.1800,107.2400,107.1700,107.2333,24600
1459272661,107.2450,107.2536,107.1800,107.1869,37000
1459272775,107.2500,107.2600,107.2400,107.2400,30900
1459272780,107.2150,107.2600,107.2100,107.2500,29000
1459272840,107.2400,107.2400,107.1900,107.2200,20900
1459272959,107.2050,107.2500,107.1800,107.2400,54900
1459272961,107.2000,107.2200,107.1900,107.2100,22900
1459273026,107.2399,107.2400,107.1900,107.2100,34500
1459273084,107.2500,107.2500,107.2300,107.2400,40500
1459273199,107.2750,107.2750,107.2400,107.2500,19400
1459273259,107.2800,107.3100,107.2750,107.2800,69700
1459273319,107.3300,107.3400,107.2900,107.2900,60800
1459273321,107.3420,107.3500,107.3100,107.3300,40500
1459273380,107.3500,107.3500,107.3300,107.3400,55100
1459273446,107.3600,107.3700,107.3350,107.3450,81200
1459273500,107.3800,107.4000,107.3400,107.3600,90100
1459273560,107.3400,107.3800,107.3400,107.3800,27700
1459273620,107.3805,107.3900,107.3450,107.3450,28300
1459273680,107.4550,107.4600,107.3801,107.3860,140100
1459273740,107.4700,107.4700,107.4200,107.4510,49200
1459273859,107.4764,107.4900,107.4500,107.4600,99800
1459273919,107.4862,107.4900,107.4700,107.4800,58900
1459273920,107.4811,107.4900,107.4700,107.4801,65600
1459273980,107.4400,107.4900,107.4000,107.4850,67700
1459274041,107.4500,107.4600,107.4300,107.4399,21700
1459274102,107.4200,107.4400,107.3950,107.4400,40800
1459274219,107.4500,107.4500,107.4200,107.4206,20100
1459274279,107.4950,107.5000,107.4450,107.4483,169900
1459274280,107.4399,107.5000,107.4368,107.4950,43000
1459274340,107.4450,107.4500,107.4110,107.4400,33100
1459274400,107.4450,107.4700,107.4400,107.4467,28500
1459274462,107.5150,107.5200,107.4300,107.4400,66300
1459274578,107.6199,107.6400,107.5100,107.5200,150900
1459274580,107.6000,107.6800,107.5900,107.6200,100100
1459274699,107.7100,107.7300,107.5950,107.6200,68300
1459274758,107.6538,107.7300,107.6400,107.7100,101200
1459274819,107.6179,107.6562,107.6120,107.6520,50500
1459274820,107.6188,107.6600,107.6100,107.6200,40700
1459274939,107.6400,107.6500,107.6162,107.6162,31600
1459274940,107.6538,107.6600,107.6300,107.6365,34600
1459275001,107.6500,107.6700,107.6300,107.6600,21600
1459275119,107.6390,107.6800,107.6300,107.6500,43700
1459275179,107.5400,107.6500,107.5400,107.6400,57200
1459275180,107.5340,107.5600,107.5000,107.5446,57100
1459275243,107.5800,107.5900,107.5400,107.5400,26100
1459275300,107.6000,107.6400,107.5700,107.5800,41200
1459275419,107.6008,107.6300,107.5900,107.6080,21500
1459275479,107.6300,107.6400,107.5800,107.6100,55900
1459275539,107.4701,107.6200,107.4700,107.6200,73300
1459275599,107.4400,107.4900,107.3801,107.4800,128200
1459275600,107.4769,107.4900,107.4400,107.4400,82500
1459275719,107.4339,107.5700,107.4000,107.4700,212600
1459275720,107.4000,107.4350,107.3700,107.4300,135000
1459275837,107.4200,107.4300,107.3800,107.4000,38500
1459275840,107.4712,107.4800,107.4200,107.4290,83700
1459275900,107.5300,107.5365,107.4200,107.4700,66300
1459275961,107.5950,107.6000,107.5010,107.5250,32100
1459276079,107.6700,107.7200,107.5900,107.5993,102100
1459276139,107.6500,107.6600,107.6035,107.6600,41800
1459276141,107.6000,107.6600,107.5500,107.6550,34800
1459276259,107.5800,107.6300,107.5700,107.6000,31600
1459276260,107.6200,107.6200,107.5860,107.5899,27700
1459276379,107.6800,107.7000,107.6200,107.6200,64900
1459276380,107.6900,107.7089,107.6701,107.6701,45800
1459276498,107.6900,107.6900,107.6500,107.6900,28200
1459276500,107.7200,107.7300,107.6950,107.6950,47900
1459276560,107.7001,107.7300,107.6900,107.7200,27700
1459276620,107.6950,107.7300,107.6900,107.7100,61800
1459276680,107.7100,107.7289,107.6600,107.6957,50800
1459276799,107.6839,107.7199,107.6700,107.7100,28500
1459276859,107.7300,107.7300,107.6850,107.6850,40700
1459276860,107.7201,107.7500,107.7200,107.7200,50100
1459276920,107.7000,107.7400,107.6950,107.7200,34000
1459276980,107.7200,107.7469,107.6999,107.7000,42800
1459277041,107.7100,107.7500,107.7100,107.7201,60000
1459277159,107.7300,107.7400,107.7000,107.7100,74900
1459277219,107.7110,107.7500,107.7000,107.7250,57200
1459277220,107.7001,107.7200,107.6600,107.7169,41100
1459277339,107.7300,107.7400,107.6699,107.7000,76600
1459277340,107.7200,107.7600,107.6800,107.7300,81200
1459277400,107.7100,107.7200,107.6900,107.7200,28300
1459277519,107.6700,107.7100,107.6300,107.7100,41200
1459277520,107.6700,107.6900,107.6100,107.6700,61800
1459277639,107.6200,107.7000,107.6200,107.6700,55100
1459277640,107.5800,107.6700,107.5800,107.6200,33800
1459277759,107.6000,107.6500,107.5800,107.5839,83100
1459277760,107.5600,107.6100,107.5400,107.6000,66700
1459277879,107.5300,107.5800,107.5200,107.5800,41400
1459277880,107.5000,107.5500,107.4600,107.5400,64400
1459277941,107.5596,107.5722,107.4900,107.4900,42900
1459278000,107.5400,107.5800,107.5250,107.5500,42900
1459278062,107.5250,107.5400,107.5200,107.5400,45900
1459278179,107.5800,107.6000,107.5200,107.5300,54200
1459278180,107.6066,107.6100,107.5700,107.5800,68200
1459278299,107.5837,107.6100,107.5800,107.6100,47500
1459278359,107.6000,107.6100,107.5900,107.5900,74700
1459278360,107.6100,107.6100,107.5900,107.6000,42600
1459278422,107.6000,107.6100,107.5900,107.6000,17200
1459278537,107.6700,107.6900,107.6000,107.6095,60600
1459278541,107.6900,107.7000,107.6700,107.6750,33200
1459278658,107.7000,107.7200,107.6800,107.7000,55500
1459278660,107.6900,107.7200,107.6740,107.7020,51000
1459278720,107.7090,107.7200,107.6900,107.6900,51100
1459278782,107.7431,107.7500,107.7050,107.7050,46900
1459278899,107.7350,107.7500,107.7200,107.7500,38400
1459278900,107.7294,107.7500,107.7100,107.7335,50800
1459279018,107.7289,107.7300,107.7100,107.7300,26700
1459279020,107.7701,107.7701,107.7250,107.7250,69000
1459279081,107.7700,107.7900,107.7600,107.7750,46700
1459279199,107.7401,107.7700,107.7300,107.7600,38700
1459279200,107.7700,107.7800,107.7300,107.7300,37300
1459279319,107.7540,107.7900,107.7540,107.7750,34900
1459279379,107.7400,107.7700,107.7350,107.7500,34500
1459279439,107.6856,107.7500,107.6800,107.7400,67000
1459279440,107.6600,107.7000,107.6535,107.6900,39800
1459279558,107.6200,107.6564,107.6100,107.6539,44800
1459279561,107.6000,107.6400,107.6000,107.6199,59600
1459279623,107.6161,107.6200,107.6000,107.6023,46700
1459279738,107.6795,107.6800,107.6000,107.6150,51900
1459279799,107.6800,107.6900,107.6630,107.6731,69000
1459279859,107.6400,107.6900,107.6300,107.6800,57700
1459279919,107.6000,107.6400,107.6000,107.6300,70600
1459279920,107.5639,107.6199,107.5500,107.6101,62800
1459279980,107.6102,107.6300,107.5500,107.5600,71400
1459280040,107.6300,107.6500,107.6000,107.6150,68200
1459280159,107.5485,107.6299,107.5300,107.6298,77000
1459280160,107.5400,107.5600,107.5300,107.5300,75400
1459280279,107.5800,107.5900,107.5300,107.5400,48800
1459280280,107.6357,107.6500,107.5850,107.5900,65900
1459280340,107.6500,107.6600,107.6300,107.6399,45600
1459280400,107.6650,107.6800,107.6202,107.6500,131500
1459280460,107.6800,107.6900,107.6500,107.6700,123900
1459280520,107.6969,107.7000,107.6600,107.6700,62000
1459280580,107.6600,107.7000,107.6500,107.6990,48900
1459280641,107.6000,107.6600,107.5900,107.6501,59900
1459280700,107.5700,107.6050,107.5400,107.6000,72500
1459280819,107.6200,107.6550,107.5550,107.5800,119900
1459280820,107.6650,107.6900,107.6100,107.6150,85700
1459280880,107.6900,107.6900,107.6400,107.6700,60000
1459280940,107.6850,107.7000,107.6800,107.6850,94500
1459281000,107.6550,107.6900,107.5900,107.6900,198800
1459281060,107.6800,107.6900,107.6400,107.6400,114900
1459281120,107.6800,107.7000,107.6600,107.6800,101200
1459281239,107.7290,107.7300,107.6800,107.6800,167600
1459281299,107.7277,107.7300,107.7100,107.7280,117800
1459281359,107.6600,107.7300,107.6600,107.7300,135400
1459281419,107.6900,107.6900,107.6500,107.6600,151300
1459281479,107.7303,107.7500,107.6800,107.6900,190700
1459281480,107.7400,107.7500,107.7000,107.7350,207800
1459281540,107.6800,107.7400,107.6600,107.7300,446800
1459281600,107.6800,107.6800,107.6800,107.6800,2156400
