20150330,59.4700,60.2100,58.5800,58.7200,4117500
20150331,58.8200,59.4400,58.4900,59.0000,2471000
20150401,57.2800,58.9600,57.1700,58.9400,4341100
20150402,57.6500,57.9800,56.9500,57.2400,2709500
20150406,57.1200,58.0700,57.0100,57.1100,2374900
20150407,57.8000,58.1400,56.9700,57.0400,2071200
20150408,58.1500,58.3400,57.6100,57.8100,2091300
20150409,57.5000,58.8500,57.3200,57.9800,2008100
20150410,58.3600,58.3900,57.2500,57.7400,2546800
20150413,57.3300,58.4400,57.2300,58.2900,1577800
20150414,57.0700,57.9800,56.6400,57.2900,2287400
20150415,56.8600,57.6900,56.6200,57.1400,2361300
20150416,56.8600,57.0500,56.6100,56.8200,1372200
20150417,56.0300,56.5800,55.5200,56.4000,2853600
20150420,57.2900,57.3200,56.1000,56.4400,2048600
20150421,59.0300,59.1300,57.3600,57.5400,4089800
20150422,59.8100,59.8900,59.0300,59.3400,2569200
20150423,59.8800,60.2800,59.4400,59.7600,2476500
20150424,59.8900,59.9100,59.3800,59.9000,1824100
20150427,59.8400,60.6300,59.6900,59.9900,3178200
20150428,59.1100,60.1400,58.6200,59.7000,2695900
20150429,58.6200,59.5100,58.2000,58.8800,1959600
20150430,58.0900,58.8700,57.6300,58.3700,2578400
20150501,59.3300,59.5200,58.1100,58.2500,2257800
20150504,59.3100,59.5800,58.4900,59.5200,3425300
20150505,59.1600,59.6800,58.5500,59.4100,4662300
20150506,60.9300,63.2500,60.5400,61.3500,12687900
20150507,60.2700,61.4500,60.1600,61.2100,4081500
20150508,61.8800,62.2400,60.8300,61.0000,3324300
20150511,62.5900,63.4600,61.6000,61.9000,4825100
20150512,62.4600,62.9000,61.6000,62.2400,2674400
20150513,61.7300,62.2200,60.8400,62.0000,3031600
20150514,63.0900,63.1200,61.9500,62.3000,2962300
20150515,62.8800,63.3200,62.4900,62.8100,1979300
20150518,63.3000,63.5000,62.5400,62.5500,1985900
20150519,62.6100,62.9800,62.4000,62.5600,4319300
20150520,62.2400,62.6300,61.8400,62.5200,1796200
20150521,62.6900,62.9100,61.6100,62.2600,2427000
20150522,62.5600,63.1300,62.3800,62.6000,2137300
20150526,62.5300,62.9700,62.2700,62.5700,2305200
20150527,63.8600,63.9700,62.6100,62.6100,3481500
20150528,63.2700,64.3000,63.2300,63.3300,1934100
20150529,62.7600,64.1500,62.6700,63.0700,2381900
20150601,62.8900,63.3000,62.2000,63.0600,1962400
20150602,62.9800,63.4600,62.4600,62.5000,2123400
20150603,63.3700,63.6900,63.0200,63.3300,1221200
20150604,62.6300,63.4500,62.5000,63.0900,1385200
20150605,62.9000,63.1400,62.0900,62.6000,2040000
20150608,61.6600,63.1800,61.4900,63.0700,1956700
20150609,61.7800,62.0000,61.1100,61.5800,1540400
20150610,62.5300,62.6800,61.5100,62.1400,1613300
20150611,62.5900,62.8200,62.1500,62.4800,1512900
20150612,62.7500,63.0100,62.0400,62.5400,1659200
20150615,61.5700,62.0600,61.3800,62.0600,2074900
20150616,62.8600,62.9300,61.5600,61.5600,2637100
20150617,64.4800,64.6500,63.0400,63.0700,3290400
20150618,65.2700,65.6700,64.1500,64.4400,3939000
20150619,65.9500,66.3300,64.6600,65.2700,4141900
20150622,66.6200,67.1200,66.0100,66.2000,2591700
20150623,66.5800,67.4900,66.1500,66.8000,2514100
20150624,67.6800,68.2500,67.0600,67.7300,3317800
20150625,67.4500,68.2700,67.4300,67.9400,2107800
20150626,67.6300,68.0000,66.8900,67.5200,4895400
20150629,66.2200,67.3800,66.0800,66.7700,1955900
20150630,66.5000,66.9800,66.1800,66.6000,3140100
20150701,68.0000,68.2200,67.0900,67.3700,2618800
20150702,67.8000,68.4800,67.2200,68.4800,1657900
20150706,68.0100,68.3000,67.1200,67.1400,3583100
20150707,69.8900,69.9500,67.9600,69.0600,4895500
20150708,69.0000,69.9400,68.8200,69.5800,4506100
20150709,70.5000,70.9400,69.6800,69.8900,4400000
20150710,72.0700,72.5000,70.8100,71.2500,3838700
20150713,73.5400,73.8500,72.4100,72.4100,3613000
20150714,72.2500,73.6000,72.0300,73.5600,6261300
20150715,72.5000,72.9900,72.3300,72.5200,4733600
20150716,72.9700,73.2300,72.4000,72.8000,4419000
20150717,73.4700,73.5500,72.3900,72.9500,3745200
20150720,74.7900,74.9200,73.6100,74.4800,2703400
20150721,73.6800,75.1000,73.3400,75.0400,2453700
20150722,72.9200,73.8400,71.8900,73.6400,5244800
20150723,71.8100,73.5800,71.7600,73.3200,3533700
20150724,72.2900,72.5100,71.2400,71.8100,4286000
20150727,71.2200,72.8400,70.9600,72.4300,3422600
20150728,71.8000,72.4900,71.1500,72.0200,3383700
20150729,72.1800,72.5000,71.0900,71.9100,2676500
20150730,72.3000,72.6500,71.0300,72.0100,3790100
20150731,71.5500,72.7300,70.5000,71.0300,5699000
20150803,70.9700,71.9200,70.1400,71.2800,3850200
20150804,71.8000,71.9400,70.7000,70.7000,2748500
20150805,75.1600,75.7600,72.2500,72.3700,5833000
20150806,74.0100,75.6500,73.5000,75.0000,4591900
20150807,73.3600,73.9400,72.4200,73.7600,3081100
20150810,73.9700,74.8300,73.7000,74.2000,2849900
20150811,73.8200,73.8800,72.8600,73.4900,2459700
20150812,73.7200,73.9300,71.7000,73.1900,2866100
20150813,73.3800,74.1200,73.0300,73.5500,1990700
20150814,72.8200,73.7600,72.7200,73.4200,2181500
20150817,73.7000,73.9000,72.2400,72.8400,2648900
20150818,73.8500,74.5000,73.1800,74.1100,2816000
20150819,71.6100,73.7200,71.4100,73.5500,3176400
20150820,67.7100,71.4900,67.6100,70.9000,5037200
20150821,65.5300,67.2400,64.0100,65.2600,5396800
20150824,63.7000,65.4400,59.4700,60.2500,6606300
20150825,63.5400,66.2800,63.4700,65.9000,5778700
20150826,66.3400,66.4800,63.6600,65.5000,4342400
20150827,67.1600,67.6400,65.5000,67.1500,2922100
20150828,67.9100,68.4700,66.5100,66.6200,2978400
20150831,66.1500,67.9000,65.9800,67.1000,3049500
20150901,63.4300,65.7400,63.0300,64.3900,5043700
20150902,64.6700,65.1200,63.9700,64.4300,3804900
20150903,65.7900,66.5000,65.0300,65.2900,3482300
20150904,66.3700,66.5800,64.4400,64.8400,3601000
20150908,68.5000,68.6100,67.0000,67.5500,3205700
20150909,67.7800,70.1700,67.5700,69.5400,2357500
20150910,68.7400,69.4400,67.5400,67.5400,2087400
20150911,68.9100,68.9700,67.8300,68.2300,1681600
20150914,68.3500,69.0500,68.1300,68.8600,1682800
20150915,69.3800,69.6600,68.3100,68.3900,1729000
20150916,70.2800,70.4200,69.0900,69.7100,2184200
20150917,71.0600,71.9900,69.8700,70.2200,2263900
20150918,70.0700,71.2200,69.7500,70.3500,3503100
20150921,70.5800,71.6100,70.0600,70.4100,2078200
20150922,68.6900,70.2700,68.2200,69.5500,2412500
20150923,69.4600,69.7800,68.5900,68.8500,2862100
20150924,68.8100,69.2800,67.6700,68.8600,2113400
20150925,69.4900,70.8300,68.9700,69.9700,2800400
20150928,66.4600,69.2200,65.9500,68.9500,2622300
20150929,66.0000,67.3600,65.5500,67.0000,2251900
20150930,67.7500,67.8700,66.4900,66.8100,2394000
20151001,67.2000,68.0400,66.4400,68.0400,2915900
20151002,66.4900,66.5000,64.8400,66.3600,3047600
20151005,67.5900,68.1000,66.9700,67.3300,2736900
20151006,66.5500,68.0900,66.3400,67.4100,1805900
20151007,66.1100,66.8400,65.1900,66.5600,3694100
20151008,65.8000,66.1000,64.7000,65.9000,2459600
20151009,65.0400,65.6400,64.5400,65.5900,4272200
20151012,68.1100,68.2500,64.6500,65.1300,4131800
20151013,68.4200,69.1500,67.3400,68.0000,3374800
20151014,70.5700,71.3000,68.0900,68.3800,4007000
20151015,70.9700,71.4900,70.1800,71.0200,2690800
20151016,71.7100,71.7800,70.2600,70.7800,2859100
20151019,72.2900,73.5400,71.5100,71.9000,3500000
20151020,72.3000,73.0900,71.3000,72.6000,2169400
20151021,72.7900,73.4400,72.0000,72.6800,2332400
20151022,74.5400,74.8500,73.0200,73.1000,2980900
20151023,74.9200,75.4900,74.4400,75.0000,3279000
20151026,74.0800,75.4300,73.7600,75.0000,2476000
20151027,75.2700,75.5800,73.7000,73.9100,2693600
20151028,76.7700,76.8000,75.0700,76.0000,3323800
20151029,76.0600,76.9200,75.3600,76.5000,3248000
20151030,72.0700,75.6000,70.6300,75.0000,11133200
20151102,72.0000,74.8900,71.8800,72.6000,4709900
20151103,71.9000,72.7400,70.3400,71.8200,4237400
20151104,74.2900,74.3200,71.7300,71.9300,3574100
20151105,74.0600,74.9300,73.1200,74.7500,2057100
20151106,72.3800,74.1900,72.2400,73.8300,3192400
20151109,70.9400,72.3800,70.1600,72.3700,3036100
20151110,70.8300,70.9400,69.8500,70.6000,2150500
20151111,71.3000,71.7000,69.8700,70.7900,2307200
20151112,71.6600,72.7000,70.5400,71.3600,3083100
20151113,69.8900,72.0400,69.8400,71.3100,3557400
20151116,67.9900,70.1600,66.6800,69.9800,6314500
20151117,68.1000,69.0600,64.9100,65.0800,5890600
20151118,68.4200,68.6000,66.8400,68.1600,3259900
20151119,71.0800,71.2700,68.2400,68.9500,4413900
20151120,72.4200,72.7800,70.1400,71.4400,4295800
20151123,68.9800,73.8600,67.6000,72.6400,11898700
20151124,67.0600,68.6900,66.9100,68.4300,5144400
20151125,69.5100,69.8000,66.7000,67.3000,3600700
20151127,68.8800,70.5500,68.4600,69.6300,1479500
20151130,67.7900,69.6400,67.5800,69.1900,4895100
20151201,68.6300,69.2900,67.4000,68.0400,3703000
20151202,69.3400,69.5500,68.5900,69.0100,4953200
20151203,67.2200,70.4500,66.9300,69.5400,3854900
20151204,70.3800,70.6700,68.3800,68.3800,3876500
20151207,70.7900,71.9400,70.3500,70.7400,3650800
20151208,70.9900,71.1700,69.9500,70.4000,4445700
20151209,67.0900,70.9900,66.6200,70.7500,8270500
20151210,66.3700,67.8900,66.0800,67.5100,3391300
20151211,67.1700,69.6500,66.7100,67.4900,6053700
20151214,69.6600,69.9800,67.3500,67.3500,4634100
20151215,72.3300,73.5900,69.8500,70.5200,6737600
20151216,72.0400,73.4800,69.3300,73.0700,4822400
20151217,71.1200,72.7200,71.1000,72.2100,3036500
20151218,68.9800,71.1200,68.9400,70.6300,4900500
20151221,68.7100,69.8900,67.4000,69.4400,2861400
20151222,69.0700,69.4500,68.3200,69.3000,1644200
20151223,68.6400,69.7700,67.8000,69.5000,2417600
20151224,68.9500,69.3000,67.7400,68.6900,1019900
20151228,69.1900,69.2100,68.0500,68.5900,1149000
20151229,69.8500,70.2400,69.2000,69.5000,1467000
20151230,69.6500,70.3600,69.5400,69.8900,1430800
20151231,68.7200,69.6700,68.7100,69.4400,1136600
20160104,66.1000,67.5700,65.1000,67.1800,4043300
20160105,64.9400,66.8200,64.8400,66.1000,3299000
20160106,63.6800,64.2900,62.5600,63.6100,3752000
20160107,62.4600,64.7100,61.5500,62.3200,4355500
20160108,63.1300,65.0100,62.9500,63.2100,3895800
20160111,64.2100,64.8100,63.2500,63.3900,3728200
20160112,65.6200,66.0900,64.6400,64.6600,3405500
20160113,63.3800,66.5900,63.1800,66.2600,3929800
20160114,64.4800,64.9600,61.5000,63.3000,4427300
20160115,66.0600,66.7100,63.5100,64.3400,8567500
20160119,67.3700,68.2400,66.4200,66.8400,5035500
20160120,66.8500,67.6900,65.0400,66.2000,4663500
20160121,67.0300,67.5600,65.7900,67.1900,3894400
20160122,69.3600,69.4000,67.3000,68.0000,3969300
20160125,69.9200,70.4900,68.7600,69.2900,5417300
20160126,70.8300,71.4900,69.6100,69.9000,5532100
20160127,69.4900,71.3500,69.2600,70.8900,4274300
20160128,69.7900,71.0300,68.7200,70.7000,5797500
20160129,64.5500,67.4800,62.8000,67.4400,17898600
20160201,64.2000,65.4400,63.3100,64.1700,6725800
20160202,60.6600,63.9900,60.1300,63.8700,7811900
20160203,59.6100,61.9200,58.7300,61.7700,9419400
20160204,58.7300,59.8600,57.5200,59.4400,8680900
20160205,55.5000,58.5700,54.8500,58.3700,7694000
20160208,56.3200,56.5700,53.0100,54.3900,8221900
20160209,58.2500,59.1900,55.8200,56.2600,8862800
20160210,58.9800,60.0700,58.6600,59.3400,4990600
20160211,58.1900,59.1100,57.7600,57.9600,6657700
20160212,59.2500,59.3700,57.3200,58.0500,5229700
20160216,59.3600,60.0000,58.8800,59.8300,3889500
20160217,59.8400,60.5400,58.8100,60.2500,4943800
20160218,58.3500,59.9200,58.2300,59.5700,5105100
20160219,59.5700,59.9000,58.1000,58.3400,5699400
20160222,63.2700,63.3100,59.9700,60.0700,6847300
20160223,61.5200,63.3300,61.4600,63.0000,4809500
20160224,63.2000,63.4800,60.7100,60.9200,4455700
20160225,64.6800,64.7200,63.3400,63.5500,4271600
20160226,64.4500,65.1100,63.7700,64.8100,3260200
20160229,64.2400,65.2500,63.9700,63.9700,3417600
20160301,65.4800,65.6900,64.2600,64.4500,3437100
20160302,66.0900,66.2500,64.6300,65.1800,3349400
20160303,64.8000,66.0100,64.1800,65.8000,3946600
20160304,64.4300,64.8600,63.0800,64.4100,3702400
20160307,63.5900,64.4300,62.9100,63.8900,2840900
20160308,62.9600,64.1800,62.6000,63.0500,3559500
20160309,63.9200,64.0400,62.7400,63.1900,3124000
20160310,63.5000,64.4200,62.5800,64.1500,3274100
20160311,64.4700,64.6500,63.5300,63.8300,2586300
20160314,64.7900,65.3100,63.8100,63.8100,1858500
20160315,65.7200,65.9000,64.1900,64.1900,2475900
20160316,66.0000,66.1700,64.5700,65.6300,2200400
20160317,64.6700,65.7500,63.2400,65.0900,4905000
20160318,64.3200,65.3200,63.8200,64.9000,4185200
20160321,63.9400,64.4000,63.5100,64.0500,2434500
20160322,63.8700,64.2800,63.2700,63.7000,2839500
20160323,65.0500,65.5000,63.5800,63.9000,3344300
20160324,64.2400,65.7300,64.0700,64.6000,3083900
20160328,64.6400,65.0200,63.6000,64.1300,2304600
