20150330,83.2000,84.3400,82.4100,83.8100,24527700
20150331,82.2200,83.5000,82.2100,82.9000,19734300
20150401,81.6700,82.7200,80.8700,82.5000,22058200
20150402,81.5600,82.5600,81.4400,82.2500,19664100
20150406,82.4400,82.8100,80.8000,80.8000,19062900
20150407,82.3200,83.4200,82.2200,82.6500,17467000
20150408,82.2800,83.1000,81.8400,82.6300,18966700
20150409,82.1700,82.8000,81.7100,82.5000,15927300
20150410,82.0400,82.6100,81.9100,82.2100,12529700
20150413,83.0100,83.9400,81.9200,81.9300,26883100
20150414,83.5200,83.6900,82.4400,83.1700,19634200
20150415,82.7100,83.6600,82.2700,83.5500,22390900
20150416,82.3100,83.0700,82.1500,82.4700,13769700
20150417,80.7800,82.1100,80.3700,81.4800,24076300
20150420,83.0900,83.1500,81.2400,81.5400,28796800
20150421,83.6200,84.4900,83.5400,84.0000,27171900
20150422,84.6300,84.7400,83.6500,84.3200,45548000
20150423,82.4100,85.5900,82.4100,84.1000,73728096
20150424,81.5300,82.9400,81.4800,82.7700,29660400
20150427,81.9100,82.9300,81.6300,81.8700,25446000
20150428,80.6800,81.9000,80.2300,81.8300,23775300
20150429,80.4700,81.3900,79.5200,80.0100,26430300
20150430,78.7700,80.9600,78.3200,80.0100,28999000
20150501,78.9900,79.7600,78.1100,79.2400,24136400
20150504,78.8100,79.6900,78.6300,79.3300,14692000
20150505,77.5600,78.8000,77.2200,78.5500,22311300
20150506,78.1000,78.8100,77.0500,77.9700,28663000
20150507,78.4300,78.9400,77.5600,78.0000,19749400
20150508,78.5100,79.2300,78.0300,79.1000,19943600
20150511,78.0100,79.0300,77.9300,78.4800,18874100
20150512,77.4600,77.8900,76.7900,77.8700,21285300
20150513,78.4400,78.5300,77.6500,77.7200,21512300
20150514,81.3700,81.8500,78.6700,78.9400,49438000
20150515,80.4200,81.5200,80.1800,81.4100,27069900
20150518,80.8800,81.3800,80.2300,80.3300,21613700
20150519,80.6300,81.6900,80.5500,81.2500,17955400
20150520,80.5500,81.1000,79.4600,80.4700,23056900
20150521,80.4800,80.9200,80.0800,80.1900,13402700
20150522,80.5400,81.3100,80.2500,80.3500,19567900
20150526,79.3300,80.6000,79.0800,80.4300,16321300
20150527,80.5500,80.6600,79.4300,79.6000,14160900
20150528,80.1500,81.0700,80.0000,80.2500,11982000
20150529,79.1900,80.0700,78.8800,79.9500,16134600
20150601,80.2900,80.3800,78.6600,79.3000,18119000
20150602,80.4400,81.3500,79.5600,79.7600,18923300
20150603,82.4400,82.5300,81.2500,81.3500,31775000
20150604,82.0500,82.9500,81.5100,82.1400,20863900
20150605,82.1400,82.4600,81.5100,81.8700,16143100
20150608,80.6700,82.0000,80.1300,81.8200,16915500
20150609,80.6700,81.1900,79.3200,80.6000,16497500
20150610,82.1600,82.6000,80.8100,80.8300,21531200
20150611,81.8300,82.9000,81.3600,82.3100,18656800
20150612,81.5300,82.0900,81.2000,81.3700,11417900
20150615,80.7100,80.9300,80.0700,80.5500,18805100
20150616,81.0600,81.5100,80.4500,80.8200,13693700
20150617,81.7900,82.2200,81.3400,81.7600,18350300
20150618,82.9100,83.1900,81.5700,81.6400,26782600
20150619,82.5100,82.9800,82.1200,82.8300,23353200
20150622,84.7400,84.9700,83.3100,83.4100,29383100
20150623,87.8800,87.9700,84.7600,84.9600,50667900
20150624,88.8600,89.2500,87.4500,87.6600,41370200
20150625,87.9800,89.4000,87.8400,89.2600,27302000
20150626,88.0100,88.3400,86.8300,88.1200,38214600
20150629,85.8000,87.5000,85.7300,86.6100,35957900
20150630,85.7700,86.7000,85.5700,86.6000,23233200
20150701,86.9100,87.9500,86.4900,86.7700,25260000
20150702,87.2900,87.4400,86.3400,87.4000,16908800
20150706,87.5500,88.1900,86.3900,86.4900,24635900
20150707,87.2200,87.8500,85.2300,87.8000,33059900
20150708,85.6500,86.7500,85.4500,86.2900,24399300
20150709,85.8800,87.6000,85.6500,86.7300,23307400
20150710,87.9500,88.2200,86.7700,87.3500,23245900
20150713,90.1000,90.2200,88.4200,88.6600,29976700
20150714,89.6800,90.8000,89.6500,90.4600,26627800
20150715,89.7600,90.9900,89.4200,90.0000,30886600
20150716,90.8500,90.8600,89.7700,90.2800,21804100
20150717,94.9700,95.3900,92.5400,92.5500,54001600
20150720,97.9100,98.6000,95.3600,95.8500,54860500
20150721,98.3900,99.2400,97.1400,98.9500,39453300
20150722,97.0400,97.5800,95.9200,96.7400,28299500
20150723,95.4400,97.4500,94.8100,96.9600,29418800
20150724,96.9500,97.7600,95.8800,97.3500,33444900
20150727,94.1700,96.6100,93.8300,96.5800,38585400
20150728,95.2900,95.5600,93.3100,94.8400,35236000
20150729,96.9900,97.2800,94.7400,96.3200,64648300
20150730,95.2100,95.8100,91.8000,94.9100,86211296
20150731,94.0100,96.3300,93.9500,94.9500,46509000
20150803,94.1400,95.0800,92.8000,93.5300,29343100
20150804,94.0600,94.7300,93.3300,93.7900,20136000
20150805,96.4400,97.0900,95.1800,95.2500,29813200
20150806,95.1200,98.7400,94.4200,97.1800,42271300
20150807,94.3000,95.4000,93.6100,95.3800,23199100
20150810,94.1500,95.9000,93.6300,95.6800,21624200
20150811,93.6200,94.7600,92.9000,93.7300,22491000
20150812,94.1900,94.4400,91.1900,92.7000,27050500
20150813,93.4300,94.7300,93.3500,94.0500,17451800
20150814,94.4200,94.7200,93.2100,93.5400,15929700
20150817,93.9300,94.4600,93.3900,94.4200,18313500
20150818,95.1700,95.8500,94.0400,94.0800,22278800
20150819,95.3100,96.1000,94.1600,94.6300,23251300
20150820,90.5600,94.7700,90.4600,93.5400,44598200
20150821,86.0600,89.1800,85.6100,87.5200,62778700
20150824,82.0900,82.0900,72.0000,77.0300,83710704
20150825,83.0000,87.6700,83.0000,86.9500,52021200
20150826,87.1900,87.4600,83.2600,85.9500,45124300
20150827,89.7300,90.0600,87.1900,89.1000,42431400
20150828,91.0100,91.4800,89.7900,89.8800,33215900
20150831,89.4300,91.0500,88.8900,90.6000,32850700
20150901,87.2300,89.3900,86.5000,86.8500,36097400
20150902,89.8900,89.8900,87.6300,88.8100,27190500
20150903,88.1500,89.8200,87.7300,89.7600,27048200
20150904,88.2600,88.3900,86.7000,87.2000,27328700
20150908,89.5300,90.2400,88.8300,89.6900,27012500
20150909,90.4400,91.9800,90.1700,90.7800,32551100
20150910,91.9800,92.0600,89.6300,90.0700,26437400
20150911,92.0500,92.0800,91.1300,91.6800,21185000
20150914,92.3100,92.6200,91.6000,92.3100,20127900
20150915,92.9000,93.2500,91.7900,92.3700,18859400
20150916,93.4500,93.6000,92.6300,92.9000,16321200
20150917,94.3400,95.5100,92.9000,93.3700,27841800
20150918,94.4000,95.1900,93.0500,93.2000,62300000
20150921,95.5500,96.4900,94.5200,94.6200,28790000
20150922,92.9600,94.6800,91.9200,93.7700,36888900
20150923,93.9700,94.3200,92.8000,93.4000,21701400
20150924,94.4100,94.7700,92.2400,93.0600,29106000
20150925,92.7700,95.8500,92.0600,95.7900,28961600
20150928,89.2100,92.2900,88.1800,92.0800,41199900
20150929,86.6700,90.0600,85.7200,89.1000,42281800
20150930,89.9000,90.0200,88.0100,88.4400,36169100
20151001,90.9500,90.9500,88.3600,90.0500,29283700
20151002,92.0700,92.2000,88.3700,88.9000,37881700
20151005,94.0100,94.2700,92.6600,92.9400,27292500
20151006,92.8000,94.1700,92.3400,94.0800,22488300
20151007,92.4000,93.6600,91.3700,93.1100,24129300
20151008,92.4700,93.2200,90.4700,91.8900,27290500
20151009,93.2400,93.7400,92.2400,92.9000,20012900
20151012,94.2600,94.6000,92.6700,93.3200,18449600
20151013,94.1200,95.3700,93.5500,93.6600,19480300
20151014,94.0700,95.2000,93.6100,94.0800,19253400
20151015,95.9600,96.3000,94.9000,94.9900,27557500
20151016,97.5400,97.5900,95.3500,96.1800,25412900
20151019,98.4700,98.5700,96.9200,97.1800,23729900
20151020,97.0000,99.5900,96.5600,98.7300,30881800
20151021,97.1100,98.1800,96.4700,97.3700,21917800
20151022,99.6700,99.7300,97.5500,97.7900,26392100
20151023,102.1900,102.8500,100.1600,101.9100,42809700
20151026,103.7700,103.8100,101.5500,102.2000,25961200
20151027,103.7000,104.1000,102.4000,102.9400,23795500
20151028,104.2000,104.4800,102.9200,103.9000,24081500
20151029,104.8800,105.1200,103.5200,103.9600,20316700
20151030,101.9700,104.7200,101.6500,104.5100,33487100
20151102,103.3100,103.4700,101.1800,101.7200,24003900
20151103,102.5800,103.6500,102.4000,103.2200,21242300
20151104,103.9400,104.1400,102.4800,103.1900,43469300
20151105,108.7600,110.6500,107.9500,108.8000,63232900
20151106,107.1000,108.7400,105.9100,108.0400,35084300
20151109,106.4900,108.2500,105.8600,107.0000,26383500
20151110,107.9100,108.1500,105.2400,105.9600,25031700
20151111,109.0100,109.8700,107.1100,108.2700,25057100
20151112,108.0200,109.3900,108.0000,108.4800,20924700
20151113,103.9500,108.2500,103.8300,107.7100,30278400
20151116,104.0400,104.1700,100.4700,103.3200,49309200
20151117,105.1300,106.2000,104.1400,104.6200,26807200
20151118,107.7700,107.8800,105.3900,105.8000,23836500
20151119,106.2600,107.7300,105.9500,107.3600,25520600
20151120,107.3200,107.8700,106.6200,106.8400,22129600
20151123,106.9500,107.4700,106.0800,107.1900,19897200
20151124,105.7400,106.4900,104.3900,106.0000,23577300
20151125,105.4100,106.6000,105.1000,106.3300,15150800
20151127,105.4500,105.9600,104.8600,105.7800,5899600
20151130,104.2400,106.1000,103.7500,105.8400,20009000
20151201,107.1200,107.1500,104.5000,104.8300,22715600
20151202,106.0700,107.9200,105.7900,107.0000,24295200
20151203,104.3800,106.8500,103.3500,106.2700,23171000
20151204,106.1800,107.7300,104.1100,104.8100,20941200
20151207,105.6100,106.8300,104.6600,106.4800,15403400
20151208,106.4900,106.9100,103.9500,104.0000,20365300
20151209,104.6000,106.4400,103.5500,106.1800,23123000
20151210,105.4200,106.4000,104.4100,105.0500,17414500
20151211,102.1200,104.3400,101.9100,104.1500,26286300
20151214,104.6600,104.7400,101.4600,102.2900,24648100
20151215,104.5500,105.8000,104.2800,105.3000,21644900
20151216,106.7900,107.0900,104.1900,105.3700,21994800
20151217,106.2200,107.7500,106.1300,107.4900,21508700
20151218,104.0400,106.5900,103.9700,106.0800,35546500
20151221,104.7700,105.1500,103.6000,104.9100,15999900
20151222,105.5100,105.6600,104.8100,105.2200,14420600
20151223,104.6300,106.1100,103.8600,105.8900,19246600
20151224,105.0200,105.3200,104.5000,104.7400,6501800
20151228,105.9300,105.9800,104.5300,105.0200,13031200
20151229,107.2600,107.7400,106.2500,106.4200,17137900
20151230,106.2200,107.2500,106.0600,107.0000,13101600
20151231,104.6600,106.1700,104.6200,106.0000,18298700
20160104,102.2200,102.2400,99.7500,101.9500,37717300
20160105,102.7300,103.7100,101.6700,102.8900,23225100
20160106,102.9700,103.7700,100.9000,101.1300,24988900
20160107,97.9200,101.4300,97.3000,100.5000,44864700
20160108,97.3300,100.5000,97.0300,99.8800,35267300
20160111,97.5100,98.6000,95.3900,97.9100,29873100
20160112,99.3700,99.9600,97.5500,99.0000,28212800
20160113,95.4400,100.5800,95.2100,100.5800,33091600
20160114,98.3700,98.8700,92.4500,95.8500,48488500
20160115,94.9700,96.3800,93.5400,93.9800,45935600
20160119,95.2600,97.4200,93.9200,96.5300,30620600
20160120,94.3500,95.0000,89.3700,92.8300,58982400
20160121,94.1600,95.9900,92.6200,94.9100,30468900
20160122,97.9400,98.0700,95.4900,96.4100,30331400
20160125,97.0100,99.4800,96.9300,98.7200,32319100
20160126,97.3400,97.8800,95.6600,97.7600,26637400
20160127,94.4500,97.8500,94.2300,97.7900,48311900
20160128,109.1100,110.3400,104.8100,107.2000,107084096
20160129,112.2100,112.8400,108.8400,108.9900,62357500
20160201,115.0900,115.7200,112.0100,112.2700,45840900
20160202,114.6100,117.5900,113.2000,114.8000,59644900
20160203,112.6900,115.3400,109.7500,115.2700,56848100
20160204,110.4900,111.9400,109.2500,111.8000,38648500
20160205,104.0700,109.5800,103.1800,109.5100,76522704
20160208,99.7500,102.6800,97.4600,100.4100,71016496
20160209,99.5400,102.4000,96.8200,97.1400,62580100
20160210,101.0000,103.2500,100.2400,101.5500,44943900
20160211,101.9100,105.1100,98.8800,99.6000,43493100
20160212,102.0100,104.2400,101.0900,103.7400,36038100
20160216,101.6100,103.9300,100.2400,103.8000,45438300
20160217,105.2000,105.7200,100.4000,102.0200,44009600
20160218,103.4700,106.0000,103.0300,105.8000,29374600
20160219,104.5700,105.0200,102.0600,102.5500,32337400
20160222,107.1600,108.2500,105.3400,105.4900,35630900
20160223,105.4600,107.4700,105.1200,106.8500,25204900
20160224,106.8800,106.9500,102.7400,104.2100,34239400
20160225,108.0700,108.0700,105.6100,107.1100,29796200
20160226,107.9200,109.4500,107.1600,108.7000,26578900
20160229,106.9200,108.9100,106.7500,107.6000,32243600
20160301,109.8200,109.8200,107.6000,107.8300,26694700
20160302,109.9500,110.5500,108.7700,109.6800,25641600
20160303,109.5800,110.3000,108.5400,110.2500,21333500
20160304,108.3900,110.0500,107.9300,110.0500,24872900
20160307,105.7300,108.0700,104.7200,108.0700,31436400
20160308,105.9300,107.3700,104.4000,104.7800,25493500
20160309,107.5100,107.5100,105.4900,106.7000,20449900
20160310,107.3200,108.6600,105.7700,107.9100,24780700
20160311,109.4100,109.4200,107.9200,108.4800,20581300
20160314,109.8900,110.3300,108.7700,109.2800,17236100
20160315,110.6700,110.8300,108.8400,109.1100,17586100
20160316,112.1800,112.5000,110.1000,110.4900,24619700
20160317,111.0200,112.6900,110.7300,112.1500,24204800
20160318,111.4500,112.4200,110.2700,111.5600,36217000
20160321,111.8500,112.3700,111.0300,111.6600,18394500
20160322,112.2500,112.8800,111.1700,111.3600,18957800
20160323,112.5400,113.1900,112.0000,112.0100,18468700
20160324,113.0500,113.0900,111.6800,112.1300,17063800
20160328,113.6900,114.5900,112.9500,113.3200,21312800
